19
92.50 102.50 70.00 70.00 93.75 273.75 0.00 1.5 1073.94 100
1243.75 537.50 70.00 70.00 1248.75 376.25 0.00 1.5 886.62 100
90.00 551.25 70.00 70.00 96.25 408.75 0.52 1.5 1198.81 100
941.25 466.25 70.00 70.00 563.75 308.75 1.36 1.5 1635.87 100
688.75 530.00 70.00 70.00 225.00 318.75 2.22 1.5 1823.19 100
606.25 91.25 70.00 70.00 1197.50 332.50 2.24 1.5 1136.38 100
160.00 113.75 70.00 70.00 1248.75 133.75 3.22 1.5 1511.00 100
1243.75 532.50 70.00 70.00 171.25 523.75 3.22 1.5 1261.25 100
305.00 496.25 70.00 70.00 655.00 75.00 5.16 1.5 1635.87 100
681.25 83.75 70.00 70.00 1010.00 470.00 5.16 1.5 1198.81 100
1011.25 472.50 70.00 70.00 341.25 480.00 5.16 1.5 1573.44 100
392.50 168.75 70.00 70.00 980.00 177.50 5.72 1.5 1511.00 100
980.00 183.75 70.00 70.00 663.75 562.50 5.72 1.5 1323.69 100
657.50 566.25 70.00 70.00 391.25 178.75 5.72 1.5 1386.12 100
800.00 261.25 70.00 70.00 793.75 428.75 6.21 1.5 1823.19 100
786.25 420.00 70.00 70.00 550.00 428.75 6.21 1.5 1760.75 100
555.00 415.00 70.00 70.00 547.50 265.00 6.21 1.5 1698.31 100
1238.75 102.50 70.00 70.00 1237.50 270.00 0.75 1.5 1198.81 100
541.25 261.25 70.00 70.00 803.75 257.50 6.23 1.5 1635.87 100
