14
131.25 183.75 70.00 70.00 351.25 186.25 0.00 1.28 800.00 100
240.00 167.50 70.00 70.00 233.75 462.50 0.33 1.70 800.00 100
445.00 185.00 70.00 70.00 433.75 472.50 1.19 2.55 800.00 100
596.25 477.50 70.00 70.00 615.00 186.25 1.72 3.08 800.00 100
415.00 326.25 70.00 70.00 602.50 327.50 2.36 3.59 800.00 100
652.50 473.75 70.00 70.00 753.75 180.00 2.88 4.27 800.00 100
752.50 187.50 70.00 70.00 865.00 457.50 3.43 4.79 800.00 100
676.25 340.00 70.00 70.00 836.25 330.00 3.96 5.16 800.00 100
937.50 457.50 70.00 70.00 936.25 165.00 4.61 5.97 800.00 100
935.00 178.75 70.00 70.00 1086.25 462.50 5.21 6.61 800.00 100
1095.00 447.50 70.00 70.00 1103.75 178.75 5.78 7.12 800.00 100
1207.50 181.25 70.00 70.00 1193.75 458.75 6.21 7.56 800.00 100
1318.75 448.75 70.00 70.00 1316.25 185.00 6.89 8.22 800.00 100
1187.50 328.75 70.00 70.00 1321.25 326.25 8.11 9.28 800.00 100
