9
101.25 461.25 70.00 70.00 143.75 338.75 0.00 1.23 1011.50 100
162.50 330.00 70.00 70.00 287.50 236.25 1.43 2.64 1011.50 100
297.50 245.00 70.00 70.00 482.50 171.25 2.76 4.01 1011.50 100
487.50 176.25 70.00 70.00 660.00 181.25 4.30 5.62 1073.94 100
646.25 172.50 70.00 70.00 810.00 187.50 5.84 7.12 1136.38 100
818.75 190.00 70.00 70.00 941.25 295.00 7.44 8.62 1073.94 100
950.00 305.00 70.00 70.00 913.75 440.00 8.83 10.00 1011.50 100
943.75 452.50 70.00 70.00 776.25 483.75 10.24 11.45 1136.38 100
772.50 482.50 70.00 70.00 617.50 443.75 11.71 12.89 1136.38 100
