15
631.25 592.50 70.00 70.00 146.25 101.25 0.00 1.86 800.00 100
146.25 108.75 70.00 70.00 1205.00 121.25 0.86 3.19 800.00 100
1198.75 117.50 70.00 70.00 645.00 587.50 2.36 4.27 800.00 100
643.75 586.25 70.00 70.00 395.00 263.75 3.36 4.87 800.00 100
401.25 263.75 70.00 70.00 980.00 267.50 3.90 5.62 800.00 100
935.00 273.75 70.00 70.00 663.75 463.75 4.61 6.02 800.00 100
653.75 456.25 70.00 70.00 546.25 331.25 5.29 6.49 800.00 100
550.00 315.00 70.00 70.00 862.50 321.25 6.13 7.52 800.00 100
848.75 317.50 70.00 70.00 463.75 436.25 6.58 8.09 800.00 100
475.00 432.50 70.00 70.00 942.50 427.50 7.14 8.72 800.00 100
952.50 422.50 70.00 70.00 657.50 190.00 7.80 9.27 800.00 100
653.75 196.25 70.00 70.00 296.25 491.25 8.26 9.84 800.00 100
310.00 488.75 70.00 70.00 1137.50 492.50 8.85 10.89 800.00 100
1126.25 486.25 70.00 70.00 675.00 90.00 9.94 11.69 800.00 100
653.75 96.25 70.00 70.00 208.75 473.75 10.74 12.47 800.00 100
