12
100.00 100.00 70.00 70.00 446.25 498.75 0.00 1.66 800.00 100
456.25 481.25 70.00 70.00 428.75 151.25 0.68 2.09 800.00 100
425.00 158.75 70.00 70.00 1158.75 143.75 1.13 3.05 800.00 100
1128.75 138.75 70.00 70.00 976.25 487.50 2.11 3.59 800.00 100
987.50 481.25 70.00 70.00 681.25 96.25 2.77 4.38 800.00 100
690.00 123.75 70.00 70.00 608.75 470.00 3.41 4.85 800.00 100
592.50 467.50 70.00 70.00 451.25 145.00 3.89 5.33 800.00 100
441.25 161.25 70.00 70.00 992.50 406.25 4.41 6.16 800.00 100
985.00 393.75 70.00 70.00 275.00 485.00 5.23 7.12 800.00 100
313.75 461.25 70.00 70.00 340.00 137.50 6.56 7.96 800.00 100
337.50 158.75 70.00 70.00 1046.25 543.75 7.04 8.53 1635.87 100
1048.75 501.25 70.00 70.00 1028.75 155.00 7.58 9.02 800.00 100
